%YAML:1.0
---
Rotations:
   - Rotations
   - !!opencv-matrix
      rows: 36
      cols: 3
      dt: "3f"
      data: [ 9.95325744e-01, -8.60892013e-02, 4.37641963e-02,
          3.25812250e-02, -1.27263233e-01, -9.91333723e-01,
          9.09126997e-02, 9.88125861e-01, -1.23863481e-01,
          9.95084047e-01, 8.74358490e-02, 4.65045273e-02, 5.72352409e-02,
          -1.24527492e-01, -9.90563989e-01, -8.08197111e-02,
          9.88356173e-01, -1.28919736e-01, 9.65055823e-01,
          2.57640809e-01, 4.78386097e-02, 8.06809217e-02,
          -1.18447125e-01, -9.89677131e-01, -2.49314860e-01,
          9.58953321e-01, -1.35094777e-01, 9.05649900e-01,
          4.21379685e-01, 4.73010913e-02, 1.02308549e-01,
          -1.08893752e-01, -9.88774538e-01, -4.11498725e-01,
          9.00322914e-01, -1.41730368e-01, 8.19251239e-01,
          5.71661294e-01, 4.50634137e-02, 1.21369272e-01,
          -9.60561559e-02, -9.87948716e-01, -5.60443461e-01,
          8.14847589e-01, -1.48076251e-01, 7.05354452e-01,
          7.07678258e-01, 4.08241116e-02, 1.37236983e-01,
          -7.98306465e-02, -9.87316072e-01, -6.95443094e-01,
          7.02010393e-01, -1.53428525e-01, 5.71934402e-01,
          8.19512367e-01, 3.59234884e-02, 1.49111390e-01,
          -6.08011261e-02, -9.86949325e-01, -8.06632996e-01,
          5.69826901e-01, -1.56972885e-01, 4.19243962e-01,
          9.07344460e-01, 3.09917759e-02, 1.57169282e-01,
          -3.89151424e-02, -9.86804664e-01, -8.94165695e-01,
          4.18582827e-01, -1.58921614e-01, 2.55439579e-01,
          9.66459632e-01, 2.65792962e-02, 1.61264822e-01,
          -1.54846013e-02, -9.86789703e-01, -9.53280807e-01,
          2.56351441e-01, -1.59811318e-01, 8.27462748e-02,
          9.96312380e-01, 2.26879586e-02, 1.61837533e-01, 9.02978051e-03,
          -9.86776114e-01, -9.83342111e-01, 8.53238106e-02,
          -1.60493553e-01, -8.94776881e-02, 9.95803475e-01,
          1.92146674e-02, 1.59075260e-01, 3.33327502e-02,
          -9.86703575e-01, -9.83203351e-01, -8.52313787e-02,
          -1.61390230e-01, -2.59332836e-01, 9.65667188e-01,
          1.52776353e-02, 1.52882859e-01, 5.66662513e-02,
          -9.86618340e-01, -9.53610659e-01, -2.53526837e-01,
          -1.62329376e-01, -4.23479646e-01, 9.05845881e-01,
          1.04020238e-02, 1.43279940e-01, 7.83119500e-02,
          -9.86579001e-01, -8.94503117e-01, -4.16305721e-01,
          -1.62953064e-01, -5.73647857e-01, 8.19087803e-01,
          4.82619973e-03, 1.30706683e-01, 9.73537564e-02,
          -9.86629605e-01, -8.08606148e-01, -5.65347135e-01,
          -1.62907019e-01, -7.09101558e-01, 7.05105126e-01,
          -1.33266544e-03, 1.14383318e-01, 1.13166228e-01,
          -9.86970067e-01, -6.95766807e-01, -7.00014412e-01,
          -1.60898611e-01, -8.20378363e-01, 5.71779191e-01,
          -6.92180032e-03, 9.54222009e-02, 1.24954864e-01,
          -9.87563133e-01, -5.63803136e-01, -8.10835898e-01,
          -1.57070696e-01, -9.08988833e-01, 4.16667491e-01,
          -1.12892324e-02, 7.32640326e-02, 1.33050784e-01,
          -9.88397598e-01, -4.10331130e-01, -8.99269521e-01,
          -1.51468426e-01, -9.67587709e-01, 2.52163082e-01,
          -1.37050031e-02, 4.97330762e-02, 1.37064368e-01,
          -9.89312887e-01, -2.47589722e-01, -9.57928538e-01,
          -1.45162642e-01, -9.96479928e-01, 8.26198235e-02,
          -1.42038725e-02, 2.55246721e-02, 1.37627825e-01,
          -9.90155101e-01, -7.98515901e-02, -9.87032175e-01,
          -1.39252201e-01, -9.95774984e-01, -9.08052698e-02,
          -1.36577189e-02, 1.31750829e-03, 1.34590179e-01,
          -9.90900457e-01, 9.18171853e-02, -9.86731946e-01,
          -1.33901909e-01, -9.65450883e-01, -2.60302305e-01,
          -1.21368933e-02, -2.21885964e-02, 1.28524482e-01,
          -9.91458058e-01, 2.59638697e-01, -9.56934750e-01,
          -1.29859820e-01, -9.05649483e-01, -4.23896104e-01,
          -1.05428379e-02, -4.42221276e-02, 1.19149700e-01,
          -9.91891026e-01, 4.21714902e-01, -8.97839308e-01,
          -1.26653448e-01, -8.18649232e-01, -5.74212074e-01,
          -9.69051942e-03, -6.29628748e-02, 1.06512167e-01,
          -9.92315888e-01, 5.70831895e-01, -8.11748505e-01,
          -1.23350143e-01, -7.04766154e-01, -7.09386826e-01,
          -8.65958910e-03, -7.86096901e-02, 9.02170911e-02,
          -9.92814898e-01, 7.05071032e-01, -6.99021578e-01,
          -1.19346626e-01, -5.68900764e-01, -8.22376430e-01,
          -6.99262880e-03, -9.04906690e-02, 7.10458234e-02,
          -9.93359923e-01, 8.17412555e-01, -5.64490497e-01,
          -1.14835411e-01, -4.14282054e-01, -9.10140693e-01,
          -3.78668867e-03, -9.84530002e-02, 4.89496216e-02,
          -9.93937075e-01, 9.04807925e-01, -4.11397487e-01,
          -1.09885029e-01, -2.51023561e-01, -9.67980564e-01,
          9.12013580e-04, -1.02381371e-01, 2.56133396e-02,
          -9.94415402e-01, 9.62551415e-01, -2.49715060e-01,
          -1.05532728e-01, -8.13215896e-02, -9.96664345e-01,
          6.85675908e-03, -1.02692768e-01, 1.53576175e-03,
          -9.94711936e-01, 9.91383374e-01, -8.15956965e-02,
          -1.02475107e-01, 9.22629312e-02, -9.95634675e-01,
          1.41098686e-02, -9.98302698e-02, -2.33480707e-02,
          -9.94730532e-01, 9.90717649e-01, 9.03681591e-02,
          -1.01548642e-01, 2.60280728e-01, -9.65305805e-01,
          2.09430046e-02, -9.36710462e-02, -4.68334556e-02,
          -9.94501054e-01, 9.60978508e-01, 2.56887704e-01,
          -1.02611050e-01, 4.24960941e-01, -9.04819191e-01,
          2.66533084e-02, -8.39672014e-02, -6.87195063e-02,
          -9.94096160e-01, 9.01308894e-01, 4.20214027e-01,
          -1.05178244e-01, 5.73578417e-01, -8.18566978e-01,
          3.09173632e-02, -7.14153349e-02, -8.75696689e-02,
          -9.93595183e-01, 8.16031635e-01, 5.67696810e-01,
          -1.08686313e-01, 7.10629225e-01, -7.02741563e-01,
          3.40641364e-02, -5.48141487e-02, -1.03568651e-01,
          -9.93110716e-01, 7.01428175e-01, 7.03866303e-01,
          -1.12119086e-01, 8.23353887e-01, -5.66352785e-01,
          3.65096442e-02, -3.54560129e-02, -1.15537316e-01,
          -9.92670119e-01, 5.66419721e-01, 8.16024303e-01,
          -1.15208708e-01, 9.09501314e-01, -4.13877636e-01,
          3.88935879e-02, -1.37041649e-02, -1.23362027e-01,
          -9.92267132e-01, 4.15475160e-01, 9.01935220e-01,
          -1.17869772e-01, 9.67617095e-01, -2.48961836e-01,
          4.16558571e-02, 9.89437941e-03, -1.27489090e-01,
          -9.91790593e-01, 2.52228677e-01, 9.60085690e-01,
          -1.20897293e-01 ]
   - Rotations
